<- 50 : da 0f 03 00 00 00 e0 00 08 16 03 04 00 00 00 00 ff ff 00 01 53 d4 00 00 c0 ba 00 00 16 e9 00 00 00 00 00 00 00 00 00 00 00 00 00 00 32 dd 00 00 00 00
PING
<- 50 : da 0f 03 00 00 00 e0 00 08 16 03 04 00 00 00 00 ff ff 00 01 53 d4 00 00 c0 ba 00 00 16 e9 00 00 00 00 00 00 00 00 00 00 00 00 00 00 32 dd 00 00 00 00
-> 6 : f0 08 00 ff ff ff
<- 50 : da 0f 03 00 00 00 e0 00 08 16 03 05 00 00 00 00 ff ff 00 01 53 d4 00 00 c0 ba 00 00 16 e9 00 00 00 00 00 00 00 00 00 00 00 00 00 00 32 dd 00 00 00 08
-> 6 : f0 08 00 ff ff ff
<- 50 : da 0f 03 00 00 00 e0 00 08 16 03 04 00 00 00 00 ff ff 00 01 53 d4 00 00 c0 ba 00 00 16 e9 00 00 00 00 00 00 00 00 00 00 00 00 00 00 32 dd 00 00 00 08
-> 6 : f9 07 01 ff ff ff
<- 50 : da 0f 03 00 00 00 e0 00 08 15 03 04 00 00 00 00 ff ff 00 01 53 d4 00 00 c0 ba 00 00 16 e9 00 00 00 00 00 00 00 00 00 00 00 00 00 00 32 dd 00 00 00 08
PING
<- 50 : da 0f 03 00 00 00 e0 00 08 13 03 05 00 00 00 00 ff ff 00 01 53 d4 00 00 c0 ba 00 00 16 e9 00 00 00 00 00 00 00 00 00 00 00 00 00 00 32 dd 00 00 00 08
PING
<- 50 : da 0f 03 00 00 00 e0 00 08 13 03 05 00 00 00 00 ff ff 00 01 53 d4 00 00 c0 ba 00 00 16 e9 00 00 00 00 00 00 00 00 00 00 00 00 00 00 32 dd 00 00 00 08
PING
<- 50 : da 0f 03 00 00 00 e0 00 08 16 03 05 00 00 00 00 ff ff 00 01 53 d4 00 00 c0 ba 00 00 16 e9 00 00 00 00 00 00 00 00 00 00 00 00 00 00 32 dd 00 00 00 08
PING
<- 50 : da 0f 03 00 00 00 e0 00 08 13 03 05 00 00 00 00 ff ff 00 01 53 d4 00 00 c0 ba 00 00 16 e9 00 00 00 00 00 00 00 00 00 00 00 00 00 00 32 dd 00 00 00 08
PING
<- 50 : da 0f 03 00 00 00 e0 00 08 13 03 05 00 01 00 00 ff ff 00 01 53 d4 00 00 c0 ba 00 00 16 e9 00 00 00 00 00 00 00 00 00 00 00 00 00 00 32 dd 00 00 00 08
PING
<- 50 : da 0f 03 00 00 00 e0 00 08 16 03 04 00 01 00 00 ff ff 00 01 53 d4 00 00 c0 ba 00 00 16 e9 00 00 00 00 00 00 00 00 00 00 00 00 00 00 32 dd 00 00 00 08
PING
<- 50 : da 0f 03 00 00 00 e0 00 08 14 03 04 00 00 00 00 ff ff 00 01 53 d4 00 00 c0 ba 00 00 16 e9 00 00 00 00 00 00 00 00 00 00 00 00 00 00 32 dd 00 00 00 08
PING
<- 50 : da 0f 03 00 00 00 e0 00 08 14 03 05 00 00 00 00 ff ff 00 01 53 d4 00 00 c0 ba 00 00 16 e9 00 00 00 00 00 00 00 00 00 00 00 00 00 00 32 dd 00 00 00 08
PING
<- 50 : da 0f 03 00 00 00 e0 00 08 16 03 05 00 00 00 00 ff ff 00 01 53 d4 00 00 c0 ba 00 00 16 e9 00 00 00 00 00 00 00 00 00 00 00 00 00 00 32 dd 00 00 00 08
PING
<- 50 : da 0f 03 00 00 00 e0 00 08 16 03 05 00 00 00 00 ff ff 00 01 53 d4 00 00 c0 ba 00 00 16 e9 00 00 00 00 00 00 00 00 00 00 00 00 00 00 32 dd 00 00 00 08
PING
<- 50 : da 0f 03 00 00 00 e0 00 08 13 03 04 00 00 00 00 ff ff 00 01 53 d4 00 00 c0 ba 00 00 16 e9 00 00 00 00 00 00 00 00 00 00 00 00 00 00 32 dd 00 00 00 08
PING
<- 50 : da 0f 03 00 00 00 e0 00 08 16 03 05 00 00 00 02 ff ff 00 01 53 d4 00 00 c0 ba 00 00 16 e9 00 00 00 00 00 00 00 00 00 00 00 00 00 00 32 dd 00 00 00 08
PING
<- 50 : da 0f 03 00 00 00 e0 00 08 16 03 05 00 00 00 02 ff ff 00 01 53 d4 00 00 c0 ba 00 00 16 e9 00 00 00 00 00 00 00 00 00 00 00 00 00 00 32 dd 00 00 00 08
PING
<- 50 : da 0f 03 00 00 00 e0 00 08 13 03 05 00 00 00 00 ff ff 00 01 53 d4 00 00 c0 ba 00 00 16 e9 00 00 00 00 00 00 00 00 00 00 00 00 00 00 32 dd 00 00 00 08
PING
<- 50 : da 0f 03 00 00 00 e0 00 08 15 03 05 00 00 00 00 ff ff 00 01 53 d4 00 00 c0 ba 00 00 16 e9 00 00 00 00 00 00 00 00 00 00 00 00 00 00 32 dd 00 00 00 08
PING
<- 50 : da 0f 03 00 00 00 e0 00 08 15 03 04 00 00 00 00 ff ff 00 01 53 d4 00 00 c0 ba 00 00 16 e9 00 00 00 00 00 00 00 00 00 00 00 00 00 00 32 dd 00 00 00 08
PING
<- 50 : da 0f 03 00 00 00 e0 00 08 15 03 04 00 00 00 00 ff ff 00 01 53 d4 00 00 c0 ba 00 00 16 e9 00 00 00 00 00 00 00 00 00 00 00 00 00 00 32 dd 00 00 00 08
PING
<- 50 : da 0f 03 00 00 00 e0 00 08 15 03 04 00 00 00 00 ff ff 00 01 53 d4 00 00 c0 ba 00 00 16 e9 00 00 00 00 00 00 00 00 00 00 00 00 00 00 32 dd 00 00 00 08
PING
<- 50 : da 0f 03 00 00 00 e0 00 08 14 03 05 00 00 00 00 ff ff 00 01 53 d4 00 00 c0 ba 00 00 16 e9 00 00 00 00 00 00 00 00 00 00 00 00 00 00 32 dd 00 00 00 08
-> 6 : f9 07 03 ff ff ff
<- 50 : da 0f 03 00 00 00 e0 00 08 16 03 05 00 00 00 00 ff ff 00 01 53 d4 00 00 c0 ba 00 00 16 e9 00 00 00 00 00 00 00 00 00 00 00 00 00 00 32 dd 00 00 00 08
PING
<- 50 : da 0f 03 00 00 00 e0 00 08 16 03 04 00 00 00 00 ff ff 00 01 53 d4 00 00 c0 ba 00 00 16 e9 00 00 00 00 00 00 00 00 00 00 00 00 00 00 32 dd 00 00 00 08
-> 6 : 90 04 ff ff ff ff
<- 50 : da 0f 03 00 00 00 e0 00 08 15 03 04 00 00 00 00 ff ff 00 01 53 d4 00 00 c0 ba 00 00 16 e9 00 00 00 00 00 00 00 00 00 00 00 00 00 00 32 dd 00 00 00 08
-> 1024 : 74 00 40 01 00 00 00 e0 e3 2d 02 40 01 00 00 00 e0 e3 df 02 40 01 00 00 00 e0 e4 85 02 40 01 00 00 00 e0 e5 20 02 40 01 00 00 00 e0 e5 b1 02 40 01 00 00 00 e0 e6 3a 02 40 01 00 00 00 e0 e6 ba 02 40 01 00 00 00 e0 e7 33 02 40 01 00 00 00 e0 e7 a6 02 40 01 00 00 00 e0 e8 13 02 40 01 00 00 00 e0 e8 7a 02 40 01 00 00 00 e0 e8 dc 02 40 01 00 00 00 e0 e9 3a 02 40 01 00 00 00 e0 e9 93 02 40 01 00 00 00 e0 e9 e9 02 40 01 00 00 00 e0 ea 3a 02 40 01 00 00 00 e0 ea 89 02 40 01 00 00 00 e0 ea d4 02 40 01 00 00 00 e0 eb 1c 02 40 01 00 00 00 e0 eb 61 02 40 01 00 00 00 e0 eb a3 02 40 01 00 00 00 e0 eb e4 02 40 01 00 00 00 e0 ec 22 02 40 01 00 00 00 e0 ec 5d 02 40 01 00 00 00 e0 ec 97 02 40 01 00 00 00 e0 ec cf 02 40 01 00 00 00 e0 ed 05 02 40 01 00 00 00 e0 ed 39 02 40 01 00 00 00 e0 ed 6b 02 40 01 00 00 00 e0 ed 9c 02 40 01 00 00 00 e0 ed cc 02 40 01 00 00 00 e0 ed fa 02 40 01 00 00 00 e0 ee 27 02 40 01 00 00 00 e0 ee 52 02 40 01 00 00 00 e0 ee 7c 02 40 01 00 00 00 e0 ee a6 02 40 01 00 00 00 e0 ee ce 02 40 01 00 00 00 e0 ee f5 02 40 01 00 00 00 e0 ef 1a 02 40 01 00 00 00 e0 ef 3f 02 40 01 00 00 00 e0 ef 63 02 40 01 00 00 00 e0 ef 87 02 40 01 00 00 00 e0 ef a9 02 40 01 00 00 00 e0 ef ca 02 40 01 00 00 00 e0 ef eb 02 60 0b 02 60 2a 02 60 49 02 60 67 02 60 84 02 60 a0 02 60 bc 02 60 d8 02 60 f2 02 61 0d 02 61 26 02 61 40 02 61 58 02 61 71 02 61 88 02 61 a0 02 61 b7 02 61 cd 02 61 e3 02 61 f9 02 62 0e 02 62 23 02 62 38 02 62 4c 02 62 60 02 62 73 02 62 87 02 62 99 02 62 ac 02 62 be 02 62 d0 02 62 e2 02 62 f4 02 63 05 02 63 16 02 63 26 02 63 37 02 63 47 02 63 57 02 63 67 02 63 76 02 63 85 02 63 94 02 63 a3 02 63 b2 02 63 c0 02 63 cf 02 63 dd 02 63 ea 02 63 f8 02 64 06 02 64 13 02 64 20 02 64 2d 02 64 3a 02 64 47 02 64 53 02 64 5f 02 64 6c 02 64 78 02 64 84 02 64 8f 02 64 9b 02 64 a6 02 64 b2 02 64 bd 02 64 c8 02 64 d3 02 64 de 02 64 e9 02 64 f3 02 64 fe 02 65 08 02 65 12 02 65 1d 02 65 27 02 65 31 02 65 3a 02 65 44 02 65 4e 02 65 57 02 65 61 02 65 6a 02 65 73 02 65 7c 02 65 85 02 65 8e 02 65 97 02 65 a0 02 65 a9 02 65 b1 02 65 ba 02 65 c2 02 65 cb 02 65 d3 02 65 db 02 65 e3 02 65 eb 02 65 f3 02 65 fb 02 66 03 02 66 0b 02 66 13 02 66 1a 02 66 22 02 66 29 02 66 31 02 66 38 02 66 3f 02 66 47 02 66 4e 02 66 55 02 66 5c 02 66 63 02 66 6a 02 66 71 02 66 78 02 66 7e 02 66 85 02 66 8c 02 66 92 02 66 99 02 66 9f 02 66 a6 02 66 ac 02 66 b3 02 66 b9 02 66 bf 02 66 c5 02 66 cb 02 66 d2 02 66 d8 02 66 de 02 66 e4 02 66 ea 02 66 ef 02 66 f5 02 66 fb 02 67 01 02 67 06 02 67 0c 02 67 12 02 67 17 02 67 1d 02 67 22 02 67 28 02 67 2d 02 67 33 02 67 38 02 67 3d 02 67 42 02 67 48 02 67 4d 02 67 52 02 67 57 02 67 5c 02 67 61 02 67 66 02 67 6b 02 67 70 02 67 75 02 67 7a 02 67 7f 02 67 84 02 67 89 02 67 8d 02 67 92 02 67 97 02 67 9b 02 67 a0 02 67 a5 02 67 a9 02 67 ae 02 67 b2 02 67 b7 02 67 bb 02 67 c0 02 67 c4 02 67 c8 02 67 cd 02 67 d1 02 67 d5 02 67 da 02 67 de 02 67 e2 02 67 e6 02 67 eb 02 67 ef 02 67 f3 02 67 f7 02 67 fb 02 67 ff 02 68 03 02 68 07 02 68 0b 02 68 0f 02 68 13 02 68 17 02 68 1b 02 68 1f 02 68 22 02 68 26 02 68 2a 02 68 2e 02 68 32 02 68 49
<- 6 : 07 01 0f 03 11 00
-> 1024 : 35 02 68 39 02 68 3d 02 68 40 02 68 44 02 68 48 02 68 4b 02 68 4f 02 68 53 02 68 56 02 68 5a 02 68 5d 02 68 61 02 68 64 02 68 68 02 68 6b 02 68 6f 02 68 72 02 68 75 02 68 79 02 68 7c 02 68 7f 02 68 83 02 68 86 02 68 89 02 68 8d 02 68 90 02 68 93 02 68 96 02 68 9a 02 68 9d 02 68 a0 02 68 a3 02 68 a6 02 68 a9 02 68 ac 02 68 b0 02 68 b3 02 68 b6 02 68 b9 02 68 bc 02 68 bf 02 68 c2 02 68 c5 02 68 c8 02 68 cb 02 68 ce 02 68 d1 02 68 d4 02 68 d6 02 68 d9 02 68 dc 02 68 df 02 68 e2 02 68 e5 02 68 e8 02 68 ea 02 68 ed 02 68 f0 02 68 f3 02 68 f6 02 68 f8 02 68 fb 02 68 fe 02 69 01 02 69 03 02 69 06 02 69 09 02 69 0b 02 69 0e 02 69 11 02 69 13 02 69 16 02 69 18 02 69 1b 02 69 1e 02 69 20 02 69 23 02 69 25 02 69 28 02 69 2a 02 69 2d 02 69 2f 02 69 32 02 69 34 02 69 37 02 69 39 02 69 3c 02 69 3e 02 69 41 02 69 43 02 69 46 02 69 48 02 69 4a 02 69 4d 02 69 4f 02 69 52 02 69 54 02 69 56 02 69 59 02 69 5b 02 69 5d 02 69 60 02 69 62 02 69 64 02 69 66 02 69 69 02 69 6b 02 69 6d 02 69 6f 02 69 72 02 69 74 02 69 76 02 69 78 02 69 7b 02 69 7d 02 69 7f 02 69 81 02 69 83 02 69 85 02 69 88 02 69 8a 02 69 8c 02 69 8e 02 69 90 02 69 92 02 69 94 02 69 96 02 69 99 02 69 9b 02 69 9d 02 69 9f 02 69 a1 02 69 a3 02 69 a5 02 69 a7 02 69 a9 02 69 ab 02 69 ad 02 69 af 02 69 b1 02 69 b3 02 69 b5 02 69 b7 02 69 b9 02 69 bb 02 69 bd 02 69 bf 02 69 c1 02 69 c3 02 69 c5 02 69 c6 02 69 c8 02 69 ca 02 69 cc 02 69 ce 02 69 d0 02 69 d2 02 69 d4 02 69 d6 02 69 d7 02 69 d9 02 69 db 02 69 dd 02 69 df 02 69 e1 02 69 e2 02 69 e4 02 69 e6 02 69 e8 02 69 ea 02 69 eb 02 69 ed 02 69 ef 02 69 f1 02 69 f3 02 69 f4 02 69 f6 02 69 f8 02 69 fa 02 69 fb 02 69 fd 02 69 ff 02 6a 00 02 6a 02 02 6a 04 02 6a 06 02 6a 07 02 6a 09 02 6a 0b 02 6a 0c 02 6a 0e 02 6a 10 02 6a 11 02 6a 13 02 6a 15 02 6a 16 02 6a 18 02 6a 1a 02 6a 1b 02 6a 1d 02 6a 1e 02 6a 20 02 6a 22 02 6a 23 02 6a 25 02 6a 26 02 6a 28 02 6a 2a 02 6a 2b 02 6a 2d 02 6a 2e 02 6a 30 02 6a 31 02 6a 33 02 6a 35 02 6a 36 02 6a 38 02 6a 39 02 6a 3b 02 6a 3c 02 6a 3e 02 6a 3f 02 6a 41 02 6a 42 02 6a 44 02 6a 45 02 6a 47 02 6a 48 02 6a 4a 02 6a 4b 02 6a 4d 02 6a 4e 02 6a 50 02 6a 51 02 6a 53 02 6a 54 02 6a 56 02 6a 57 02 6a 58 02 6a 5a 02 6a 5b 02 6a 5d 02 6a 5e 02 6a 60 02 6a 61 02 6a 62 02 6a 64 02 6a 65 02 6a 67 02 6a 68 02 6a 69 02 6a 6b 02 6a 6c 02 6a 6e 02 6a 6f 02 6a 70 02 6a 72 02 6a 73 02 6a 74 02 6a 76 02 6a 77 02 6a 78 02 6a 7a 02 6a 7b 02 6a 7d 02 6a 7e 02 6a 7f 02 6a 81 02 6a 82 02 6a 83 02 6a 84 02 6a 86 02 6a 87 02 6a 88 02 6a 8a 02 6a 8b 02 6a 8c 02 6a 8e 02 6a 8f 02 6a 90 02 6a 91 02 6a 93 02 6a 94 02 6a 95 02 6a 97 02 6a 98 02 6a 99 02 6a 9a 02 6a 9c 02 6a 9d 02 6a 9e 02 6a 9f 02 6a a1 02 6a a2 02 6a a3 02 6a a4 02 6a a5 02 6a a7 02 6a a8 02 6a a9 02 6a aa 02 6a ac 02 6a ad 02 6a ae 02 6a af 02 6a b0 02 6a b2 02 6a b3 02 6a b4 02 6a b5 02 6a b6 02 6a b8 02 6a b9 02 6a ba 02 6a bb 02 6a bc 02 6a bd 02 6a bf 02 6a c0 02 6a c1 02 6a c2 02 6a c3 02 6a c4 02 6a c5 02 6a c7 02 6a c8 02 6a c9 02 6a ca 02 6a cb 02 6a cc 02 6a cd 02 6a ce 02 6a d0 02 6a d1 02 6a d2 02 6a d3 02 6a d4 02 6a d5 02 6a d6 02 6a d7 02 6a db
<- 6 : 07 02 0f 03 1e 01
-> 1024 : d8 02 6a da 02 6a db 02 6a dc 02 6a dd 02 6a de 02 6a df 02 6a e0 02 6a e1 02 6a e2 02 6a e3 02 6a e4 02 6a e5 02 6a e6 02 6a e8 02 6a e9 02 6a ea 02 6a eb 02 6a ec 02 6a ed 02 6a ee 02 6a ef 02 6a f0 02 6a f1 02 6a f2 02 6a f3 02 6a f4 02 6a f5 02 6a f6 02 6a f7 02 6a f8 02 6a f9 02 6a fa 02 6a fb 02 6a fc 02 6a fd 02 6a fe 02 6a ff 02 6b 00 02 6b 01 02 6b 02 02 6b 03 02 6b 04 02 6b 05 02 6b 06 02 6b 07 02 6b 08 02 6b 09 02 6b 0a 02 6b 0b 02 6b 0c 02 6b 0d 02 6b 0e 02 6b 0f 02 6b 10 02 6b 11 02 6b 12 02 6b 13 02 6b 14 02 6b 15 02 6b 16 02 6b 17 02 6b 18 02 6b 19 02 02 6b 1a 02 6b 1b 02 6b 1c 02 6b 1d 02 6b 1e 02 6b 1f 02 6b 20 02 6b 21 02 6b 22 02 6b 23 02 6b 24 02 6b 25 02 6b 26 02 02 6b 27 02 6b 28 02 6b 29 02 6b 2a 02 6b 2b 02 6b 2c 02 6b 2d 02 6b 2e 02 6b 2f 02 6b 30 02 02 6b 31 02 6b 32 02 6b 33 02 6b 34 02 6b 35 02 6b 36 02 6b 37 02 6b 38 02 02 6b 39 02 6b 3a 02 6b 3b 02 6b 3c 02 6b 3d 02 6b 3e 02 02 6b 3f 02 6b 40 02 6b 41 02 6b 42 02 6b 43 02 6b 44 02 02 6b 45 02 6b 46 02 6b 47 02 6b 48 02 6b 49 02 6b 4a 02 02 6b 4b 02 6b 4c 02 6b 4d 02 6b 4e 02 6b 4f 02 02 6b 50 02 6b 51 02 6b 52 02 6b 53 02 6b 54 02 02 6b 55 02 6b 56 02 6b 57 02 6b 58 02 02 6b 59 02 6b 5a 02 6b 5b 02 6b 5c 02 02 6b 5d 02 6b 5e 02 6b 5c 02 02 6b 5b 02 6b 5a 02 6b 59 02 6b 58 02 02 6b 57 02 6b 56 02 6b 55 02 6b 54 02 02 6b 53 02 6b 52 02 6b 51 02 6b 50 02 6b 4f 02 02 6b 4e 02 6b 4d 02 6b 4c 02 6b 4b 02 6b 4a 02 02 6b 49 02 6b 48 02 6b 47 02 6b 46 02 6b 45 02 6b 44 02 02 6b 43 02 6b 42 02 6b 41 02 6b 40 02 6b 3f 02 6b 3e 02 02 6b 3d 02 6b 3c 02 6b 3b 02 6b 3a 02 6b 39 02 6b 38 02 02 6b 37 02 6b 36 02 6b 35 02 6b 34 02 6b 33 02 6b 32 02 6b 31 02 6b 30 02 02 6b 2f 02 6b 2e 02 6b 2d 02 6b 2c 02 6b 2b 02 6b 2a 02 6b 29 02 6b 28 02 6b 27 02 6b 26 02 02 6b 25 02 6b 24 02 6b 23 02 6b 22 02 6b 21 02 6b 20 02 6b 1f 02 6b 1e 02 6b 1d 02 6b 1c 02 6b 1b 02 6b 1a 02 6b 19 02 02 6b 18 02 6b 17 02 6b 16 02 6b 15 02 6b 14 02 6b 13 02 6b 12 02 6b 11 02 6b 10 02 6b 0f 02 6b 0e 02 6b 0d 02 6b 0c 02 6b 0b 02 6b 0a 02 6b 09 02 6b 08 02 6b 07 02 6b 06 02 6b 05 02 6b 04 02 6b 03 02 6b 02 02 6b 01 02 6b 00 02 6a ff 02 6a fe 02 6a fd 02 6a fc 02 6a fb 02 6a fa 02 6a f9 02 6a f8 02 6a f7 02 6a f6 02 6a f5 02 6a f4 02 6a f3 02 6a f2 02 6a f1 02 6a f0 02 6a ef 02 6a ee 02 6a ed 02 6a ec 02 6a eb 02 6a ea 02 6a e9 02 6a e8 02 6a e6 02 6a e5 02 6a e4 02 6a e3 02 6a e2 02 6a e1 02 6a e0 02 6a df 02 6a de 02 6a dd 02 6a dc 02 6a db 02 6a da 02 6a d8 02 6a d7 02 6a d6 02 6a d5 02 6a d4 02 6a d3 02 6a d2 02 6a d1 02 6a d0 02 6a ce 02 6a cd 02 6a cc 02 6a cb 02 6a ca 02 6a c9 02 6a c8 02 6a c7 02 6a c5 02 6a c4 02 6a c3 02 6a c2 02 6a c1 02 6a c0 02 6a bf 02 6a bd 02 6a bc 02 6a bb 02 6a ba 02 6a b9 02 6a b8 02 6a b6 02 6a b5 02 6a b4 02 6a b3 02 6a b2 02 6a b0 02 6a af 02 6a ae 02 6a ad 02 6a ac 02 6a aa 02 6a a9 02 6a a8 02 6a a7 02 6a a5 02 6a a4 02 6a a3 02 6a a2 02 6a a1 02 6a 9f 02 6a 9e 02 6a 9d 02 6a 9c 02 6a 9a 02 6a 99 02 6a 98 02 6a 97 02 6a 95 02 6a 94 02 6a 93 02 6a 91 02 6a 90 02 6a 8f 02 6a 8e 02 6a 8c 02 6a 8b 02 6a 8a 02 6a 88 02 6a 87 02 6a 86 02 6a 84 02 89
<- 6 : 07 03 0f 03 6f 01
-> 1024 : 6a 83 02 6a 82 02 6a 81 02 6a 7f 02 6a 7e 02 6a 7d 02 6a 7b 02 6a 7a 02 6a 78 02 6a 77 02 6a 76 02 6a 74 02 6a 73 02 6a 72 02 6a 70 02 6a 6f 02 6a 6e 02 6a 6c 02 6a 6b 02 6a 69 02 6a 68 02 6a 67 02 6a 65 02 6a 64 02 6a 62 02 6a 61 02 6a 60 02 6a 5e 02 6a 5d 02 6a 5b 02 6a 5a 02 6a 58 02 6a 57 02 6a 56 02 6a 54 02 6a 53 02 6a 51 02 6a 50 02 6a 4e 02 6a 4d 02 6a 4b 02 6a 4a 02 6a 48 02 6a 47 02 6a 45 02 6a 44 02 6a 42 02 6a 41 02 6a 3f 02 6a 3e 02 6a 3c 02 6a 3b 02 6a 39 02 6a 38 02 6a 36 02 6a 35 02 6a 33 02 6a 31 02 6a 30 02 6a 2e 02 6a 2d 02 6a 2b 02 6a 2a 02 6a 28 02 6a 26 02 6a 25 02 6a 23 02 6a 22 02 6a 20 02 6a 1e 02 6a 1d 02 6a 1b 02 6a 1a 02 6a 18 02 6a 16 02 6a 15 02 6a 13 02 6a 11 02 6a 10 02 6a 0e 02 6a 0c 02 6a 0b 02 6a 09 02 6a 07 02 6a 06 02 6a 04 02 6a 02 02 6a 00 02 69 ff 02 69 fd 02 69 fb 02 69 fa 02 69 f8 02 69 f6 02 69 f4 02 69 f3 02 69 f1 02 69 ef 02 69 ed 02 69 eb 02 69 ea 02 69 e8 02 69 e6 02 69 e4 02 69 e2 02 69 e1 02 69 df 02 69 dd 02 69 db 02 69 d9 02 69 d7 02 69 d6 02 69 d4 02 69 d2 02 69 d0 02 69 ce 02 69 cc 02 69 ca 02 69 c8 02 69 c6 02 69 c5 02 69 c3 02 69 c1 02 69 bf 02 69 bd 02 69 bb 02 69 b9 02 69 b7 02 69 b5 02 69 b3 02 69 b1 02 69 af 02 69 ad 02 69 ab 02 69 a9 02 69 a7 02 69 a5 02 69 a3 02 69 a1 02 69 9f 02 69 9d 02 69 9b 02 69 99 02 69 96 02 69 94 02 69 92 02 69 90 02 69 8e 02 69 8c 02 69 8a 02 69 88 02 69 85 02 69 83 02 69 81 02 69 7f 02 69 7d 02 69 7b 02 69 78 02 69 76 02 69 74 02 69 72 02 69 6f 02 69 6d 02 69 6b 02 69 69 02 69 66 02 69 64 02 69 62 02 69 60 02 69 5d 02 69 5b 02 69 59 02 69 56 02 69 54 02 69 52 02 69 4f 02 69 4d 02 69 4a 02 69 48 02 69 46 02 69 43 02 69 41 02 69 3e 02 69 3c 02 69 39 02 69 37 02 69 34 02 69 32 02 69 2f 02 69 2d 02 69 2a 02 69 28 02 69 25 02 69 23 02 69 20 02 69 1e 02 69 1b 02 69 18 02 69 16 02 69 13 02 69 11 02 69 0e 02 69 0b 02 69 09 02 69 06 02 69 03 02 69 01 02 68 fe 02 68 fb 02 68 f8 02 68 f6 02 68 f3 02 68 f0 02 68 ed 02 68 ea 02 68 e8 02 68 e5 02 68 e2 02 68 df 02 68 dc 02 68 d9 02 68 d6 02 68 d4 02 68 d1 02 68 ce 02 68 cb 02 68 c8 02 68 c5 02 68 c2 02 68 bf 02 68 bc 02 68 b9 02 68 b6 02 68 b3 02 68 b0 02 68 ac 02 68 a9 02 68 a6 02 68 a3 02 68 a0 02 68 9d 02 68 9a 02 68 96 02 68 93 02 68 90 02 68 8d 02 68 89 02 68 86 02 68 83 02 68 7f 02 68 7c 02 68 79 02 68 75 02 68 72 02 68 6f 02 68 6b 02 68 68 02 68 64 02 68 61 02 68 5d 02 68 5a 02 68 56 02 68 53 02 68 4f 02 68 4b 02 68 48 02 68 44 02 68 40 02 68 3d 02 68 39 02 68 35 02 68 32 02 68 2e 02 68 2a 02 68 26 02 68 22 02 68 1f 02 68 1b 02 68 17 02 68 13 02 68 0f 02 68 0b 02 68 07 02 68 03 02 67 ff 02 67 fb 02 67 f7 02 67 f3 02 67 ef 02 67 eb 02 67 e6 02 67 e2 02 67 de 02 67 da 02 67 d5 02 67 d1 02 67 cd 02 67 c8 02 67 c4 02 67 c0 02 67 bb 02 67 b7 02 67 b2 02 67 ae 02 67 a9 02 67 a5 02 67 a0 02 67 9b 02 67 97 02 67 92 02 67 8d 02 67 89 02 67 84 02 67 7f 02 67 7a 02 67 75 02 67 70 02 67 6b 02 67 66 02 67 61 02 67 5c 02 67 57 02 67 52 02 67 4d 02 67 48 02 67 42 02 67 3d 02 67 38 02 67 33 02 67 2d 02 67 28 02 67 22 02 67 1d 02 67 17 02 67 12 02 67 0c 02 67 06 02 67 01 02 66 fb 02 66 f5 02 66 ef 02 e5
<- 6 : 07 04 0f 03 60 01
-> 1024 : 66 ea 02 66 e4 02 66 de 02 66 d8 02 66 d2 02 66 cb 02 66 c5 02 66 bf 02 66 b9 02 66 b3 02 66 ac 02 66 a6 02 66 9f 02 66 99 02 66 92 02 66 8c 02 66 85 02 66 7e 02 66 78 02 66 71 02 66 6a 02 66 63 02 66 5c 02 66 55 02 66 4e 02 66 47 02 66 3f 02 66 38 02 66 31 02 66 29 02 66 22 02 66 1a 02 66 13 02 66 0b 02 66 03 02 65 fb 02 65 f3 02 65 eb 02 65 e3 02 65 db 02 65 d3 02 65 cb 02 65 c2 02 65 ba 02 65 b1 02 65 a9 02 65 a0 02 65 97 02 65 8e 02 65 85 02 65 7c 02 65 73 02 65 6a 02 65 61 02 65 57 02 65 4e 02 65 44 02 65 3a 02 65 31 02 65 27 02 65 1d 02 65 12 02 65 08 02 64 fe 02 64 f3 02 64 e9 02 64 de 02 64 d3 02 64 c8 02 64 bd 02 64 b2 02 64 a6 02 64 9b 02 64 8f 02 64 84 02 64 78 02 64 6c 02 64 5f 02 64 53 02 64 47 02 64 3a 02 64 2d 02 64 20 02 64 13 02 64 06 02 63 f8 02 63 ea 02 63 dd 02 63 cf 02 63 c0 02 63 b2 02 63 a3 02 63 94 02 63 85 02 63 76 02 63 67 02 63 57 02 63 47 02 63 37 02 63 26 02 63 16 02 63 05 02 62 f4 02 62 e2 02 62 d0 02 62 be 02 62 ac 02 62 99 02 62 87 02 62 73 02 62 60 02 62 4c 02 62 38 02 62 23 02 62 0e 02 61 f9 02 61 e3 02 61 cd 02 61 b7 02 61 a0 02 61 88 02 61 71 02 61 58 02 61 40 02 61 26 02 61 0d 02 60 f2 02 60 d8 02 60 bc 02 60 a0 02 60 84 02 60 67 02 60 49 02 60 2a 02 60 0b 02 40 01 00 00 00 e0 ef eb 02 40 01 00 00 00 e0 ef ca 02 40 01 00 00 00 e0 ef a9 02 40 01 00 00 00 e0 ef 87 02 40 01 00 00 00 e0 ef 63 02 40 01 00 00 00 e0 ef 3f 02 40 01 00 00 00 e0 ef 1a 02 40 01 00 00 00 e0 ee f5 02 40 01 00 00 00 e0 ee ce 02 40 01 00 00 00 e0 ee a6 02 40 01 00 00 00 e0 ee 7c 02 40 01 00 00 00 e0 ee 52 02 40 01 00 00 00 e0 ee 27 02 40 01 00 00 00 e0 ed fa 02 40 01 00 00 00 e0 ed cc 02 40 01 00 00 00 e0 ed 9c 02 40 01 00 00 00 e0 ed 6b 02 40 01 00 00 00 e0 ed 39 02 40 01 00 00 00 e0 ed 05 02 40 01 00 00 00 e0 ec cf 02 40 01 00 00 00 e0 ec 97 02 40 01 00 00 00 e0 ec 5d 02 40 01 00 00 00 e0 ec 22 02 40 01 00 00 00 e0 eb e4 02 40 01 00 00 00 e0 eb a3 02 40 01 00 00 00 e0 eb 61 02 40 01 00 00 00 e0 eb 1c 02 40 01 00 00 00 e0 ea d4 02 40 01 00 00 00 e0 ea 89 02 40 01 00 00 00 e0 ea 3a 02 40 01 00 00 00 e0 e9 e9 02 40 01 00 00 00 e0 e9 93 02 40 01 00 00 00 e0 e9 3a 02 40 01 00 00 00 e0 e8 dc 02 40 01 00 00 00 e0 e8 7a 02 40 01 00 00 00 e0 e8 13 02 40 01 00 00 00 e0 e7 a6 02 40 01 00 00 00 e0 e7 33 02 40 01 00 00 00 e0 e6 ba 02 40 01 00 00 00 e0 e6 3a 02 40 01 00 00 00 e0 e5 b1 02 40 01 00 00 00 e0 e5 20 02 40 01 00 00 00 e0 e4 85 02 40 01 00 00 00 e0 e3 df 02 40 01 00 00 00 e0 e3 2d 78 00 00 00 00 00 00 00 00 00 00 00 00 00 00 00 00 00 00 00 00 00 00 00 00 00 00 00 00 00 00 00 00 00 00 00 00 00 00 00 00 00 00 00 00 00 00 00 00 00 00 00 00 00 00 00 00 00 00 00 00 00 00 00 00 00 00 00 00 00 00 00 00 00 00 00 00 00 00 00 00 00 00 00 00 00 00 00 00 00 00 00 00 00 00 00 00 00 00 00 00 00 00 00 00 00 00 00 00 00 00 00 00 00 00 00 00 00 00 00 00 00 00 00 00 00 00 00 00 00 00 00 00 00 00 00 00 00 00 00 00 00 00 00 00 00 00 00 00 00 00 00 00 00 00 00 00 00 00 00 00 00 00 00 00 00 00 00 00 00 00 00 00 00 00 00 00 00 00 00 00 00 00 00 00 00 00 00 00 00 00 00 00 00 00 00 00 00 00 00 00 00 00 00 00 00 00 00 00 00 00 00 00 00 6b
<- 56 : 07 05 0f 03 37 01 da 0f 03 86 00 05 e0 00 08 13 03 04 00 00 00 00 ff ff 00 01 59 8f 00 00 c0 ba 00 00 16 e9 00 00 00 00 00 00 00 00 00 00 00 00 00 00 38 98 00 00 00 08
PING
<- 50 : da 0f 03 00 00 00 e0 00 08 15 03 04 00 00 00 00 ff ff 00 01 59 8f 00 00 c0 ba 00 00 16 e9 00 00 00 00 00 00 00 00 00 00 00 00 00 00 38 98 00 00 00 08
PING
<- 50 : da 0f 03 00 00 00 e0 00 08 15 03 04 00 00 00 00 ff ff 00 01 59 8f 00 00 c0 ba 00 00 16 e9 00 00 00 00 00 00 00 00 00 00 00 00 00 00 38 98 00 00 00 08
PING
<- 50 : da 0f 03 00 00 00 e0 00 08 14 03 05 00 00 00 00 ff ff 00 01 59 8f 00 00 c0 ba 00 00 16 e9 00 00 00 00 00 00 00 00 00 00 00 00 00 00 38 98 00 00 00 08
PING
<- 50 : da 0f 03 00 00 00 e0 00 08 15 03 05 00 00 00 00 ff ff 00 01 59 8f 00 00 c0 ba 00 00 16 e9 00 00 00 00 00 00 00 00 00 00 00 00 00 00 38 98 00 00 00 08
PING
<- 50 : da 0f 03 00 00 00 e0 00 08 15 03 05 00 00 00 00 ff ff 00 01 59 8f 00 00 c0 ba 00 00 16 e9 00 00 00 00 00 00 00 00 00 00 00 00 00 00 38 98 00 00 00 08
PING
<- 50 : da 0f 03 00 00 00 e0 00 08 16 03 05 00 00 00 00 ff ff 00 01 59 8f 00 00 c0 ba 00 00 16 e9 00 00 00 00 00 00 00 00 00 00 00 00 00 00 38 98 00 00 00 08
PING
<- 50 : da 0f 03 00 00 00 e0 00 08 14 03 05 00 00 00 00 ff ff 00 01 59 8f 00 00 c0 ba 00 00 16 e9 00 00 00 00 00 00 00 00 00 00 00 00 00 00 38 98 00 00 00 08
PING
<- 50 : da 0f 03 00 00 00 e0 00 08 14 03 05 00 00 00 00 ff ff 00 01 59 8f 00 00 c0 ba 00 00 16 e9 00 00 00 00 00 00 00 00 00 00 00 00 00 00 38 98 00 00 00 08
PING
<- 50 : da 0f 03 00 00 00 e0 00 08 14 03 05 00 00 00 00 ff ff 00 01 59 8f 00 00 c0 ba 00 00 16 e9 00 00 00 00 00 00 00 00 00 00 00 00 00 00 38 98 00 00 00 08
PING
<- 50 : da 0f 03 00 00 00 e0 00 08 15 03 05 00 00 00 00 ff ff 00 01 59 8f 00 00 c0 ba 00 00 16 e9 00 00 00 00 00 00 00 00 00 00 00 00 00 00 38 98 00 00 00 08